0: 0 -100 0, 50 -100 0, 50 0 0, 0 0 0, 50 0 0
1: 0 -50 1, 50 0 0, 50 -100 0, 50 0 0
2: 50 0 0, 50 -50 0, 0 -100 0, 50 -100 0, 50 0 1
3: 50 0 0, 0 -50 0, 50 -50 0, 0 -100 0, 50 0 1
4: 0 -50 0, 50 -50 0, 50 -100 0, 50 0 0
5: 0 -100 1, 50 -100 0, 50 -50 0, 0 -50 0, 0 0 0, 50 0 0
6: 0 -50 1, 0 -100 0, 50 -100 0, 50 -50 0, 0 -50 0, 50 0 0
7: 50 0 0, 0 -50 0, 0 -100 0, 50 0 1
8: 0 -100 0, 50 -100 0, 50 0 0, 0 0 0, 50 0 0, 0 -50 1, 50 -50 0, 50 0 1
9: 0 -100 1, 50 -50 0, 50 0 0, 0 0 0, 0 -50 0, 50 -50 0, 50 0 1
